lat1 : 13.732048
lon1 : 100.567623
lat2 : 13.856271
lon2 : 100.546467